22.42736952  4.54810882
32.26833251  7.31871426
29.93702347  6.12790392
23.28856015  3.60757978
18.67531576  3.45281424
33.85440087  6.21399928
13.76077692  3.26725157
31.37960761  6.18179488
32.2948533   5.72550511
21.85615736  4.64763852
20.63732272  4.23448662
29.3997455   5.5567985
8.95494479   2.10823141
20.43066729  4.46054919
34.49693773  6.64892874
41.58682565  7.73785431
25.96125578  4.92056963
44.78416521  8.9966623
46.31310078  8.30909324
21.50777939  3.87368592
39.52536172  7.32306645
45.64492154  9.22478694
27.24623646  4.3852946
30.55898655  5.94279368
37.94737359  6.87166318
40.47981904  6.90577785
47.87345771  9.33859396
30.17486512  5.98552169
27.81591997  4.57224656
43.52398435  8.47187547
16.04733629  3.43688801
21.95975193  4.09339573
15.01641596  3.1194621
34.4457717   6.07776832
22.00254952  5.31541712
34.51670979  6.25322803
32.27020437  5.59232076
24.07140826  4.45765455
23.4957579   5.40135444
16.230905    2.69596383
35.37374864  7.48005951
31.35194045  6.12337448
10.41946242  1.75568006
46.77437108  9.9401556
30.52694649  5.6615398
20.36659363  4.86824791
42.81243945  7.84466302
18.82971315  3.52267075
44.42659321  8.95142219
27.17648562  6.14502459
21.21061182  3.41235467
10.02735765  2.34922645
27.35727632  6.25920012
32.74093288  7.16151632
37.77614405  7.65620187
31.81915076  6.12717347
27.22780228  6.09589073
4.27928619   1.71418416
42.997116    8.34037266
25.97713265  4.905518
18.64551742  3.48804024
28.73400663  5.92082319
37.37794847  7.78678968
6.17262628   1.18644758
0.           0.
12.61178714  2.27800613
23.1902151   5.23520916
24.12320856  5.61493
37.90033493  7.82839508
48.04288928  9.16604199
50.          10.
20.72364972  3.75476001
23.53845807  5.43156925
39.9767589   8.39163041
20.85653508  3.89929301
8.86439119   1.91341565
31.08165057  5.56109236
34.22911926  7.26366134
38.01628767  8.37954833
29.79548926  5.41010454
36.44400638  7.08606076
33.61420393  6.75873048
25.15578282  4.97980483
16.47940467  3.07343093
27.58110304  5.07962011
21.05283717  4.66681802
23.46779551  4.49051992
35.55866327  6.80542048
31.51158227  5.54593938
24.88840283  4.23687728
16.21694604  2.73322381
26.49042699  4.85252653
18.5640236   3.9783732
27.89455103  5.61783611
25.41573337  5.3885259
15.63895634  2.87769753
27.07149062  4.54149847
29.99125481  6.03257388
14.60882854  1.94721487
13.97608545  2.84559476
