4.01447831  14.26119899
2.51994049  29.01591825
1.52812453  28.97089364
4.59864556  29.45504606
5.07943037  25.3879632
3.78600072  23.01635792
6.54718576  20.4355969
7.89176859  5.95012913
0.66140604  37.48688582
3.35107126  27.12674708
3.74079988  12.34239071
5.42775344  20.94264914
8.28581584  32.29579316
5.35236148  34.25940386
1.0033377   28.74577903
6.73274843  13.37571903
3.87209608  30.43668697
4.68458288  22.836884
6.51195976  27.87222073
5.76551338  19.08242436
4.3384602   12.47932651
4.4432015   27.44709277
7.30403617  50.
2.21321032  25.49182949
3.09422215  41.72820803
1.69090676  38.61505392
5.6147054   32.71575739
2.67693355  10.71639594
6.8805379   12.19166451
3.74677197  39.34456676
4.05720632  26.02650681
3.12833682  38.86028355
5.45850153  27.0456462
5.54234545  17.46615207
5.45189118  44.66996706
2.83848368  3.93486688
2.68128574  21.01761507
3.92223168  26.8633547
5.53945081  16.44895747
0.77521306  35.87033976
4.40767924  45.12395685
5.90660427  14.98778815
3.96742612  21.53781289
6.56311199  7.35382711
8.05278513  31.83532213
3.87662552  35.99315963
8.24431994  29.70478934
0.0598444   33.50682353
6.58764533  5.7609919
5.13175209  25.8600317
2.15533698  15.66519776
6.47732925  18.63052831
1.04857781  9.78221417
3.85497541  41.36955848
2.34379813  31.49476487
7.65077355  27.28809881
2.26214569  27.31984902
2.17160492  38.3463633
1.62045167  21.38477058
6.39242022  0.
3.81820512  5.00627638
7.15440524  8.12216542
3.90410927  18.41852164
8.81355242  44.21996208
1.65962734  3.37959194
5.094482    28.80711004
6.12631408  26.16238483
4.07917681  14.65904821
10.         28.62526248
7.72199387  14.94274759
4.76479084  24.25151476
4.38507     40.55710969
3.24126952  0.51110891
0.83395801  8.20901429
0.          24.91297691
6.24523999  24.49448561
4.56843075  17.94529915
1.60836959  2.82874216
6.10070699  19.83787699
8.08658435  37.34179159
4.43890764  20.62473321
2.73633866  22.36284195
6.92656907  13.80901286
4.58989546  25.85606263
2.91393924  29.4040886
3.87282653  25.88906612
5.02019517  31.46105668
4.27449489  2.93409734
4.92037989  5.86008156
5.33318198  17.6954765
5.50948008  10.84610381
3.19457952  36.56261834
4.45406062  34.82329605
5.76312272  45.4750172
7.26677619  19.10358753
5.14747347  15.31952494
6.0216268   41.22085753
4.38216389  39.45713467
4.6114741   27.96265105
7.12230247  8.88331777
